lst <-
structure(list(a = structure(list(x = c(0.0687369834131443, -0.191365135326474, 
0.766614390961879, 1.53506413101882, -0.0347880506941799, 0.0627410918230774, 
0.234167662129503, 0.21833319523886, 0.421828496431164, 1.77843480483791, 
-0.202487765805339, -0.0763061456730673, -0.0342733236213191, 
0.369698579766527, 0.549263793661056, -1.52335208334977, -0.837573349629522, 
-0.109785818265609, 0.124445036518031, -0.350618011439761, 0.830639915268877, 
0.213551240484722, -0.281758319776135, 0.0832391856781756, 0.751678068421739, 
-0.0393657041518281, -0.334697528787771, 1.39802716877837, 0.180948905099707, 
0.297737168760579, 0.380688693759531, -0.893594356857873, -1.36557875422256, 
-0.0807952273654064, -0.17047715090819, -1.79610719624015, 1.62503204603342, 
1.18072111316401, -1.18706065097562, -0.000876697624324157, -0.144071825242705, 
-0.906632560927667, 0.47154514967049, -0.805314068081816, 0.381399929871646, 
0.0990858834035597, -1.29236476392042, -1.25832668728737, -1.13824345971644, 
-2.01574728438775, 1.71103749209895, -0.6608649614456, -0.566304792253217, 
-0.621659730297585, -0.111224958393918, -0.544906780410818, 1.2915662747354, 
1.46916744699361, -0.751668530285395, -0.843389359733434, 0.143718031051324, 
0.692662831064172, -1.35800239832581, 1.14444634736376, -0.63272521244871, 
-1.53625485282027, -1.68108347699646, 0.305643832672161, 0.10365050685644, 
1.34316011084065, -0.342748878044765, -0.440608004524841, 0.362122866945113, 
-0.209401141254623, 0.393782446137267, -0.571155450122294, 1.78526315660476, 
0.695634670493875, 1.51428047537753, 2.35839978127821, 0.979414573879012, 
-0.575256015789959, -0.0141516421998034, -0.699840292676283, 
-0.242870101208381, 2.36814359328203, -0.584494526735352, -0.0412705136137167, 
0.265915060972556, -0.456209963819527, -1.75056262270998, -0.539323815089195, 
0.657284137294454, -0.722219027442864, -1.12998264814848, 0.360599995975019, 
-0.0300501563405367, -0.600172411256601, 1.17559677824772, 0.0543721298431306
), y = c(1.34424597825402, 0.253142247497026, -1.63571582611397, 
-1.24328608365923, 0.807880018390213, 0.246721837864119, -0.0668774898540859, 
0.881677845449159, 1.0504363680993, -0.262197575039258, -0.204598518872099, 
0.108860016437818, 0.659150447601482, 0.46681674171962, -2.35022509821539, 
0.0898016479945922, -0.00243362200796159, -0.922181223108203, 
0.36833974159301, 0.758467036168591, 0.073580028657745, 1.86455680019726, 
2.17326170113259, -0.134332623108159, -0.380753024985745, 1.30303852144467, 
0.639803422900628, 1.24021467814484, -0.511907559363263, 0.55566889037903, 
-0.849022625396189, -0.957352704452402, -1.42175419887778, 0.467726408883101, 
-0.653860911547757, -0.190513724683667, -1.81307095063324, 0.151024604776899, 
-0.147945700014722, 0.598443888904233, 0.134381979969471, 2.0728121668064, 
-0.66202460159784, -0.166299269250004, -0.116099359485085, -0.0791729345725758, 
2.29685152013154, -0.0571854139310767, -1.64289307391809, -1.22773255411586, 
1.82323150002998, 0.75182423519215, 0.733002671152788, -0.613670296288303, 
-0.252139637458429, -0.155634048984778, -0.806678801762188, -0.205959166435897, 
0.180251323933075, -2.08488664082833, -0.682498290681301, -0.214272742576516, 
1.24100543147572, 1.14286121842791, 0.14139720292263, 1.18776728222737, 
1.09761947667856, 1.50536927094883, 0.413362962233809, 0.205303970517958, 
0.76734834827027, 0.0991226447398436, 1.01274553260924, -1.75677946289162, 
-0.0832006506376524, -0.183038846620343, 0.357622421855634, -1.91518179804365, 
0.359726964506297, -0.145171559421508, -0.199766709062518, -0.192418983048462, 
-0.0151438277103713, -0.913901634009018, -1.54596266601074, -0.0531726377314331, 
0.936223871014455, 0.781497031407359, -0.0338112409228398, -1.2119915662552, 
0.146377983666463, -0.820733363745345, 0.189584693913781, 0.369061742382837, 
0.553725095009403, 1.76538951355456, -1.80915938754625, -0.516755649594728, 
-0.724812512179667, -0.831022910689148)), .Names = c("x", "y"
), row.names = c(NA, -100L), class = "data.frame"), b = structure(list(
    x = c(0.0687369834131443, -0.191365135326474, 0.766614390961879, 
    1.53506413101882, -0.0347880506941799, 0.0627410918230774, 
    0.234167662129503, 0.21833319523886, 0.421828496431164, 1.77843480483791, 
    -0.202487765805339, -0.0763061456730673, -0.0342733236213191, 
    0.369698579766527, 0.549263793661056, -1.52335208334977, 
    -0.837573349629522, -0.109785818265609, 0.124445036518031, 
    -0.350618011439761, 0.830639915268877, 0.213551240484722, 
    -0.281758319776135, 0.0832391856781756, 0.751678068421739, 
    -0.0393657041518281, -0.334697528787771, 1.39802716877837, 
    0.180948905099707, 0.297737168760579, 0.380688693759531, 
    -0.893594356857873, -1.36557875422256, -0.0807952273654064, 
    -0.17047715090819, -1.79610719624015, 1.62503204603342, 1.18072111316401, 
    -1.18706065097562, -0.000876697624324157, -0.144071825242705, 
    -0.906632560927667, 0.47154514967049, -0.805314068081816, 
    0.381399929871646, 0.0990858834035597, -1.29236476392042, 
    -1.25832668728737, -1.13824345971644, -2.01574728438775, 
    1.71103749209895, -0.6608649614456, -0.566304792253217, -0.621659730297585, 
    -0.111224958393918, -0.544906780410818, 1.2915662747354, 
    1.46916744699361, -0.751668530285395, -0.843389359733434, 
    0.143718031051324, 0.692662831064172, -1.35800239832581, 
    1.14444634736376, -0.63272521244871, -1.53625485282027, -1.68108347699646, 
    0.305643832672161, 0.10365050685644, 1.34316011084065, -0.342748878044765, 
    -0.440608004524841, 0.362122866945113, -0.209401141254623, 
    0.393782446137267, -0.571155450122294, 1.78526315660476, 
    0.695634670493875, 1.51428047537753, 2.35839978127821, 0.979414573879012, 
    -0.575256015789959, -0.0141516421998034, -0.699840292676283, 
    -0.242870101208381, 2.36814359328203, -0.584494526735352, 
    -0.0412705136137167, 0.265915060972556, -0.456209963819527, 
    -1.75056262270998, -0.539323815089195, 0.657284137294454, 
    -0.722219027442864, -1.12998264814848, 0.360599995975019, 
    -0.0300501563405367, -0.600172411256601, 1.17559677824772, 
    0.0543721298431306),